2048;2048;2033
2042;2048;2024
2030;2045;2026
2020;2031;2020
2030;2027;2033
2025;2030;2031
2041;2037;2044
2046;2032;2039
2038;2050;2038
2037;2044;2030
2032;2033;2022
2037;2036;2032
2025;2021;2029
2033;2032;2038
2033;2037;2044
2040;2029;2035
2045;2050;2031
2044;2044;2024
2033;2050;2028
2030;2031;2033
2031;2030;2029
2023;2026;2039
2035;2045;2044
2046;2051;2036
2037;2041;2034
2044;2042;2024
2043;2032;2024
2028;2031;2025
2027;2031;2021
2027;2024;2033
2044;2032;2034
2045;2035;2042
2048;2038;2031
2043;2051;2026
2034;2037;2020
2027;2021;2029
2028;2024;2028
2033;2033;2040
2044;2033;2041
2041;2041;2039
2056;2043;2031
2045;2039;2023
2036;2035;2023
2035;2042;2027
2023;2027;2037
2030;2023;2041
2032;2037;2041
2052;2046;2041
2055;2050;2028
2049;2060;2026
2033;2035;2029
2032;2039;2024
2034;2032;2033
2026;2022;2038
2039;2034;2045
2046;2036;2043
2047;2042;2030
2033;2046;2023
2028;2042;2022
2024;2030;2023
2015;2034;2031
2024;2026;2039
2034;2038;2043
2051;2035;2040
2037;2048;2025
2045;2043;2026
2037;2037;2027
2031;2033;2023
2021;2022;2035
2036;2017;2038
2041;2030;2041
2044;2053;2039
2047;2045;2033
2042;2044;2022
2039;2038;2025
2025;2034;2029
2038;2033;2029
2032;2025;2047
2038;2031;2044
2053;2035;2032
2054;2041;2033
2040;2044;2024
2031;2034;2013
2018;2034;2025
2025;2024;2029
2033;2033;2034
2043;2048;2037
2048;2045;2033
2056;2046;2035
2038;2054;2028
2029;2035;2029
2029;2030;2031
2019;2025;2030
2027;2029;2031
2041;2028;2041
2043;2038;2032
2050;2052;2035
2037;2048;2031
2034;2036;2024
2028;2032;2023
2028;2022;2024
2032;2039;2034
2027;2027;2040
2042;2045;2033
2050;2047;2035
2043;2045;2024
2022;2031;2023
2023;2018;2023
2018;2029;2029
2033;2027;2038
2035;2032;2040
2044;2037;2041
2052;2046;2029
2035;2041;2031
2027;2032;2020
2031;2031;2018
2022;2023;2028
2035;2033;2033
2042;2025;2040
2039;2045;2038
2039;2042;2029
2037;2044;2017
2040;2043;2027
2041;2024;2023
2030;2023;2031
2036;2029;2031
2040;2040;2037
2048;2045;2043
2040;2046;2032
2037;2044;2020
2038;2030;2012
2032;2016;2027
2040;2028;2024
2038;2023;2037
2046;2032;2030
2056;2043;2038
2052;2044;2028
2035;2039;2026
2036;2035;2021
2022;2031;2028
2020;2030;2029
2023;2030;2043
2044;2029;2042
2042;2040;2036
2052;2052;2033
2046;2042;2020
2036;2039;2018
2034;2029;2026
2029;2025;2031
2030;2025;2043
2037;2045;2044
2046;2038;2040
2050;2049;2032
2051;2049;2022
2036;2039;2025
2029;2036;2026
2022;2026;2034
2028;2016;2041
2043;2040;2038
2049;2038;2039
2051;2044;2031
2038;2044;2021
2033;2034;2025
2024;2035;2023
2036;2030;2030
2024;2037;2029
2038;2030;2035
2057;2041;2040
2050;2045;2035
2039;2032;2032
2039;2039;2026
2026;2032;2019
2024;2028;2033
2040;2022;2038
2045;2040;2040
2045;2038;2034
2047;2039;2030
2046;2039;2025
2035;2034;2025
2024;2036;2022
2034;2034;2038
2039;2031;2041
2043;2031;2041
2056;2051;2034
2050;2039;2037
2040;2047;2028
2040;2042;2023
2029;2034;2026
2021;2021;2034
2022;2028;2034
2035;2033;2034
2046;2036;2033
2051;2050;2031
2035;2043;2021
2031;2045;2025
2037;2034;2034
2018;2027;2039
2032;2030;2038
2041;2035;2039
2051;2048;2039
2046;2052;2025
2032;2054;2022
2036;2038;2030
2024;2028;2027
2036;2024;2031
2024;2025;2043
2047;2028;2040
2046;2039;2040
2040;2049;2025
2028;2049;2019
2038;2028;2029
2029;2033;2028
2024;2028;2033
2035;2034;2035
2041;2042;2032
2051;2053;2034
2045;2049;2029
2043;2049;2024
2038;2036;2020
2027;2017;2027
2022;2033;2027
2031;2030;2036
2036;2040;2039
2052;2039;2036
2036;2048;2032
2050;2043;2030
2033;2041;2016
2030;2017;2031
2023;2023;2039
2029;2028;2038
2045;2037;2029
2040;2047;2040
2050;2045;2033
2043;2053;2026
2026;2046;2030
2027;2022;2026
2029;2023;2033
2040;2025;2036
2038;2044;2040
2044;2043;2038
2048;2044;2029
2034;2043;2019
2036;2050;2024
2029;2024;2032
2028;2028;2032
2042;2035;2027
2044;2041;2039
2042;2056;2035
2046;2050;2032
2045;2046;2023
2028;2038;2026
2035;2021;2030
2025;2019;2038
2033;2030;2037
2038;2042;2031
2050;2042;2037
2047;2044;2026
2042;2048;2022
2032;2044;2020
2023;2017;2027
2020;2035;2032
2038;2037;2043
2042;2043;2037
2047;2034;2041
2043;2044;2034
2036;2042;2025
2032;2034;2030
2024;2037;2029
2031;2025;2034
2034;2025;2028
2037;2031;2038
2047;2039;2043
2051;2046;2027
2043;2043;2023
2033;2043;2027
2030;2038;2022
2019;2024;2030
2035;2029;2041
2046;2036;2037
2039;2040;2036
2041;2046;2035
2034;2047;2026
2027;2030;2023
2035;2034;2028
2031;2017;2037
2036;2028;2037
2040;2043;2051
2048;2045;2040
2051;2038;2031
2028;2049;2028
2026;2034;2020
2033;2023;2029
2027;2038;2026
2034;2031;2042
2037;2031;2043
2041;2041;2032
2043;2053;2030
2040;2041;2018
2040;2037;2020
2027;2041;2023
2022;2031;2024
2032;2036;2038
2037;2031;2034
2054;2040;2036
2039;2037;2028
2042;2050;2028
2032;2031;2023
2031;2042;2020
2023;2034;2033
2021;2019;2033
2031;2044;2046
2045;2044;2033
2048;2048;2028
2041;2041;2026
2036;2035;2023
2025;2027;2027
2034;2025;2033
2034;2029;2038
2045;2037;2032
2050;2049;2031
2037;2044;2030
2044;2049;2026
2029;2033;2020
2023;2032;2025
2027;2033;2033
2032;2029;2042
2051;2041;2031
2034;2045;2042
2040;2042;2030
2043;2045;2022
2029;2034;2022
2029;2030;2025
2020;2033;2030
2043;2032;2034
2035;2039;2047
2046;2048;2033
2045;2040;2038
2038;2038;2024
2022;2030;2015
2023;2029;2027
2029;2028;2027
2038;2032;2035
2041;2031;2034
2041;2035;2039
2044;2048;2030
2040;2044;2025
2034;2033;2022
2032;2028;2028
2027;2032;2032
2033;2032;2043
2038;2039;2033
2043;2047;2030
2043;2050;2020
2041;2039;2027
2036;2033;2017
2022;2029;2027
2027;2032;2035
2031;2031;2043
2044;2035;2035
2047;2043;2039
2052;2043;2030
2045;2046;2025
2029;2031;2023
2033;2025;2035
2018;2035;2029
2039;2029;2033
2040;2033;2042
2041;2048;2031
2046;2040;2032
2034;2043;2028
2042;2042;2024
2035;2037;2028
2025;2023;2029
2029;2031;2037
2031;2044;2037
2038;2039;2030
2045;2040;2024
2046;2041;2029
2030;2038;2022
2026;2035;2025
2023;2033;2033
2034;2032;2040
2038;2028;2038
2039;2043;2029
2045;2042;2031
2041;2046;2019
2042;2036;2018
2025;2027;2032
2036;2022;2030
2030;2028;2035
2029;2037;2032
2040;2043;2031
2047;2048;2029
2038;2042;2023
2039;2028;2023
2027;2024;2031
2025;2027;2033
2034;2036;2035
2046;2045;2034
2050;2040;2035
2054;2045;2032
2040;2045;2023
2033;2041;2017
2029;2035;2018
2036;2034;2028
2038;2019;2036
2038;2045;2034
2045;2046;2032
2060;2035;2022
2033;2042;2026
2021;2037;2025
2028;2030;2030
2034;2027;2029
2031;2030;2033
2038;2036;2043
2040;2037;2028
2040;2054;2024
2036;2040;2016
2036;2035;2024
2014;2031;2030
2036;2027;2032
2032;2033;2034
2042;2038;2032
2046;2052;2038
2056;2051;2028
2036;2045;2030
2033;2034;2018
2027;2030;2019
2028;2034;2027
2030;2042;2035
2042;2042;2039
2052;2040;2031
2033;2045;2032
2042;2043;2023
2040;2032;2020
2027;2032;2029
2033;2035;2036
2032;2032;2035
2045;2032;2041
2043;2041;2035
2044;2040;2029
2040;2040;2027
2038;2032;2023
2030;2028;2023
2031;2029;2038
2027;2035;2030
2041;2030;2044
2051;2050;2037
2053;2043;2035
2033;2049;2026
2032;2034;2019
2029;2022;2029
2026;2027;2036
2039;2027;2044
2040;2046;2041
2051;2044;2041
2052;2044;2028
2041;2038;2025
2024;2040;2024
2031;2024;2025
2024;2022;2032
2033;2031;2036
2041;2034;2038
2046;2048;2034
2050;2043;2024
2040;2047;2019
2028;2046;2029
2018;2027;2032
2027;2022;2039
2034;2029;2046
2040;2041;2045
2039;2045;2025
2036;2054;2029
2043;2045;2021
2041;2038;2020
2022;2022;2035
2021;2031;2034
2036;2030;2032
2040;2029;2040
2053;2046;2036
2040;2054;2029
2041;2039;2031
2041;2028;2021
2028;2032;2026
2028;2028;2034
2037;2033;2046
2047;2034;2041
2050;2036;2031
2045;2032;2035
2034;2040;2028
2031;2044;2032
2031;2036;2022
2030;2027;2037
2035;2027;2042
2040;2050;2043
2045;2037;2030
2044;2045;2028
2044;2035;2030
2025;2032;2025
2025;2029;2026
2020;2027;2035
2029;2032;2041
2038;2047;2040
2050;2029;2030
2052;2037;2028
2035;2046;2033
2042;2040;2022
2029;2038;2037
2029;2028;2036
2042;2031;2037
2042;2037;2040
2043;2047;2033
2046;2051;2035
2030;2040;2019
2032;2025;2025
2027;2026;2030
2028;2030;2039
2038;2034;2040
2028;2040;2034
2043;2047;2032
2040;2047;2028
2038;2040;2022
2036;2026;2030
2030;2019;2025
2021;2028;2034
2035;2028;2035
2039;2033;2041
2045;2041;2035
2041;2045;2031
2043;2039;2027
2031;2034;2027
2031;2025;2032
2036;2022;2034
2028;2029;2039
2052;2041;2038
2055;2046;2040
2042;2042;2036
2040;2049;2027
2029;2044;2019
2020;2029;2025
2032;2025;2038
2034;2029;2042
2048;2033;2037
2054;2037;2035
2050;2044;2029
2039;2042;2029
2022;2038;2028
2028;2024;2032
2030;2040;2031
2035;2024;2032
2044;2040;2034
2042;2040;2032
2039;2033;2029
2039;2043;2031
2027;2033;2022
2030;2030;2028
2034;2022;2043
2042;2035;2040
2041;2040;2039
2042;2042;2035
2044;2048;2027
2030;2043;2028
2038;2027;2032
2030;2040;2022
2034;2027;2035
2034;2036;2039
2040;2037;2044
2053;2046;2033
2047;2042;2032
2040;2045;2032
2038;2036;2028
2031;2026;2030
2030;2026;2039
2042;2026;2038
2049;2033;2033
2041;2042;2032
2049;2050;2024
2035;2035;2032
2018;2030;2026
2036;2031;2027
2038;2024;2038
2040;2034;2033
2047;2028;2036
2044;2041;2040
2042;2044;2029
2032;2046;2023
2033;2032;2025
2026;2029;2029
2033;2027;2033
2032;2040;2044
2043;2043;2036
2053;2042;2027
2029;2042;2033
2042;2041;2022
2036;2030;2025
2030;2029;2028
2030;2029;2032
2035;2032;2045
2046;2042;2029
2047;2045;2033
2052;2047;2030
2040;2052;2028
2030;2028;2021
2030;2025;2028
2027;2025;2036
2029;2030;2035
2043;2037;2031
2048;2037;2027
2051;2046;2020
2031;2042;2029
2024;2034;2030
2034;2032;2032
2028;2029;2039
2034;2030;2037
2033;2039;2037
2040;2043;2029
2035;2045;2032
2046;2042;2017
2037;2030;2023
2034;2020;2030
2035;2031;2036
2033;2044;2036
2030;2033;2034
2038;2048;2042
2045;2048;2023
2041;2049;2025
2025;2042;2022
2021;2026;2029
2036;2018;2027
2028;2046;2039
2046;2036;2039
2049;2050;2035
2029;2044;2023
2026;2038;2028
2035;2021;2027
2032;2032;2033
2030;2024;2041
2038;2039;2039
2036;2037;2039
2044;2044;2032
2043;2046;2025
2040;2042;2024
2031;2031;2028
2033;2030;2036
2032;2028;2033
2032;2021;2040
2042;2048;2039
2039;2041;2042
2047;2040;2034
2036;2050;2035
2031;2039;2021
2023;2034;2033
2029;2020;2039
2026;2032;2042
2042;2043;2036
2051;2039;2027
2046;2044;2022
2039;2038;2028
2041;2050;2030
2027;2022;2029
2034;2031;2040
2050;2029;2032
2043;2039;2036
2048;2045;2033
2046;2044;2037
2032;2044;2029
2037;2037;2027
2013;2029;2026
2025;2024;2035
2038;2027;2041
2036;2037;2036
2050;2041;2032
2044;2031;2032
2039;2041;2019
2035;2025;2029
2025;2028;2028
2017;2029;2035
2035;2035;2036
2045;2032;2030
2048;2045;2041
2041;2046;2029
2038;2041;2031
2034;2033;2027
2022;2041;2030
2028;2029;2034
2036;2029;2035
2056;2041;2027
2044;2043;2036
2034;2050;2026
2045;2040;2029
2031;2036;2029
2027;2032;2029
2035;2030;2033
2043;2026;2033
2038;2038;2034
2047;2042;2032
2031;2042;2025
2031;2044;2024
2020;2040;2031
2025;2026;2028
2019;2034;2037
2039;2031;2036
2042;2052;2038
2047;2037;2031
2032;2035;2023
2030;2047;2025
2021;2028;2030
2038;2022;2034
2027;2037;2036
2031;2033;2037
2036;2038;2037
2040;2040;2033
2035;2042;2021
2037;2046;2023
2038;2030;2023
2030;2047;2034
2029;2029;2039
2033;2032;2036
2031;2037;2031
2053;2048;2033
2035;2046;2029
2049;2043;2016
2026;2035;2022
2029;2024;2030
2026;2034;2034
2048;2034;2039
2043;2041;2042
2045;2051;2035
2048;2040;2022
2035;2038;2027
2031;2037;2026
2025;2035;2037
2025;2027;2039
2039;2030;2044
2045;2040;2037
2046;2043;2035
2047;2053;2034
2035;2043;2028
2031;2028;2029
2024;2029;2029
2035;2025;2033
2038;2033;2038
2036;2045;2034
2053;2048;2028
2044;2045;2032
2036;2045;2027
2028;2034;2027
2034;2027;2032
2024;2023;2037
2029;2039;2033
2037;2040;2031
2060;2049;2027
2044;2048;2032
2039;2039;2032
2031;2030;2028
2019;2032;2044
2036;2028;2036
2032;2036;2042
2035;2055;2040
2044;2051;2034
2034;2041;2026
2028;2042;2021
2029;2034;2033
2031;2032;2033
2027;2025;2035
2024;2032;2040
2048;2040;2036
2037;2047;2032
2049;2047;2026
2032;2042;2024
2030;2041;2025
2019;2023;2031
2030;2033;2035
2040;2037;2039
2049;2044;2031
2036;2042;2029
2043;2050;2030
2030;2032;2025
2039;2035;2024
2032;2031;2029
2030;2031;2036
2040;2033;2034
2049;2042;2029
2033;2051;2033
2034;2044;2027
2035;2039;2020
2028;2034;2029
2024;2024;2028
2024;2026;2035
2034;2040;2034
2035;2040;2034
2046;2049;2031
2035;2043;2028
2035;2042;2027
2020;2032;2022
2019;2031;2034
2036;2034;2042
2034;2034;2039
2044;2034;2036
2051;2044;2030
