2041;2062;2045
2022;2052;2032
2011;2033;2018
2015;2016;2012
2032;2011;2018
2051;2021;2031
2062;2040;2045
2058;2057;2051
2041;2062;2045
2022;2052;2032
2011;2032;2018
2015;2016;2012
2032;2011;2018
2051;2022;2031
2062;2041;2045
2058;2057;2051
2041;2062;2045
2022;2051;2032
2011;2032;2018
2016;2016;2012
2032;2011;2018
2051;2022;2031
2062;2041;2045
2057;2057;2051
2041;2062;2045
2022;2051;2031
2011;2032;2018
2016;2016;2012
2032;2011;2018
2051;2022;2032
2062;2041;2045
2057;2057;2051
2041;2061;2045
2022;2051;2031
2011;2032;2018
2016;2016;2012
2033;2012;2018
2052;2022;2032
2062;2041;2045
2057;2057;2051
2040;2061;2045
2021;2051;2031
2011;2032;2018
2016;2016;2013
2033;2012;2018
2052;2022;2032
2062;2041;2045
2057;2057;2050
2040;2061;2045
2021;2051;2031
2011;2032;2018
2016;2016;2013
2033;2012;2018
2052;2023;2032
2062;2042;2045
2057;2057;2050
2040;2061;2044
2021;2050;2031
2011;2031;2018
2016;2016;2013
2033;2012;2019
2052;2023;2032
2061;2042;2045
2056;2058;2050
2040;2061;2044
2021;2050;2031
2012;2031;2018
2017;2015;2013
2033;2012;2019
2052;2023;2032
2061;2042;2045
2056;2058;2050
2039;2061;2044
2021;2050;2031
2012;2031;2018
2017;2015;2013
2034;2012;2019
2052;2023;2032
2061;2042;2045
2056;2058;2050
2039;2061;2044
2021;2050;2030
2012;2031;2018
2017;2015;2013
2034;2012;2019
2052;2023;2033
2061;2042;2045
2056;2058;2050
2039;2061;2044
2021;2049;2030
2012;2031;2017
2017;2015;2013
2034;2012;2019
2052;2024;2033
2061;2042;2046
2056;2058;2050
2039;2061;2044
2021;2049;2030
2012;2031;2017
2017;2015;2013
2034;2013;2019
2052;2024;2033
2061;2043;2046
2055;2058;2050
2039;2060;2044
2021;2049;2030
2012;2030;2017
2018;2015;2013
2034;2013;2020
2052;2024;2033
2061;2043;2046
2055;2058;2050
2038;2060;2043
2020;2049;2030
2012;2030;2017
2018;2015;2013
2035;2013;2020
2053;2024;2033
2061;2043;2046
2055;2058;2050
2038;2060;2043
2020;2049;2030
2012;2030;2017
2018;2015;2013
2035;2013;2020
2053;2024;2033
2061;2043;2046
2055;2058;2050
2038;2060;2043
2020;2048;2030
2012;2030;2017
2018;2015;2013
2035;2013;2020
2053;2025;2033
2061;2043;2046
2055;2058;2050
2038;2060;2043
2020;2048;2029
2012;2030;2017
2018;2015;2013
2035;2013;2020
2053;2025;2034
2061;2043;2046
2055;2058;2050
2038;2060;2043
2020;2048;2029
2012;2030;2017
2019;2015;2013
2035;2013;2020
2053;2025;2034
2061;2044;2046
2054;2058;2050
2037;2060;2043
2020;2048;2029
2012;2029;2017
2019;2015;2013
2036;2013;2020
2053;2025;2034
2061;2044;2046
2054;2058;2049
2037;2059;2042
2020;2048;2029
2012;2029;2017
2019;2015;2014
2036;2014;2021
2053;2025;2034
2061;2044;2046
2054;2058;2049
2037;2059;2042
2020;2047;2029
2012;2029;2017
2019;2015;2014
2036;2014;2021
2053;2026;2034
2061;2044;2046
2054;2058;2049
2037;2059;2042
2020;2047;2029
2012;2029;2017
2019;2015;2014
2036;2014;2021
2053;2026;2034
2061;2044;2046
2054;2058;2049
2037;2059;2042
2020;2047;2029
2013;2029;2017
2019;2015;2014
2036;2014;2021
2053;2026;2034
2060;2044;2046
2053;2058;2049
2037;2059;2042
2020;2047;2029
2013;2029;2017
2020;2015;2014
2037;2014;2021
2053;2026;2035
2060;2044;2046
2053;2058;2049
2036;2059;2042
2020;2047;2028
2013;2028;2017
2020;2015;2014
2037;2014;2021
2054;2026;2035
2060;2045;2046
2053;2058;2049
2036;2059;2042
2019;2046;2028
2013;2028;2017
2020;2015;2014
2037;2014;2021
2054;2027;2035
2060;2045;2046
2053;2058;2049
2036;2059;2041
2019;2046;2028
2013;2028;2017
2020;2015;2014
2037;2015;2022
2054;2027;2035
2060;2045;2046
2053;2058;2049
2036;2058;2041
2019;2046;2028
2013;2028;2017
2020;2015;2014
2037;2015;2022
2054;2027;2035
2060;2045;2046
2053;2058;2049
2036;2058;2041
2019;2046;2028
2013;2028;2017
2021;2015;2014
2038;2015;2022
2054;2027;2035
2060;2045;2046
2052;2058;2049
2035;2058;2041
2019;2046;2028
2013;2028;2017
2021;2015;2014
2038;2015;2022
2054;2027;2035
2060;2045;2046
2052;2058;2049
2035;2058;2041
2019;2045;2028
2013;2028;2017
2021;2015;2014
2038;2015;2022
2054;2028;2035
2060;2045;2046
2052;2058;2049
2035;2058;2041
2019;2045;2028
2013;2027;2017
2021;2015;2015
2038;2015;2022
2054;2028;2036
2060;2046;2046
2052;2058;2048
2035;2058;2041
2019;2045;2027
2013;2027;2017
2021;2015;2015
2038;2015;2022
2054;2028;2036
2060;2046;2046
2052;2058;2048
2035;2058;2040
2019;2045;2027
2013;2027;2017
2022;2015;2015
2038;2015;2023
2054;2028;2036
2060;2046;2046
2051;2058;2048
2035;2057;2040
2019;2045;2027
2014;2027;2017
2022;2015;2015
2039;2016;2023
2054;2028;2036
2059;2046;2046
2051;2058;2048
2034;2057;2040
2019;2044;2027
2014;2027;2017
2022;2015;2015
2039;2016;2023
2054;2029;2036
2059;2046;2046
2051;2058;2048
2034;2057;2040
2019;2044;2027
2014;2027;2017
2022;2015;2015
2039;2016;2023
2054;2029;2036
2059;2046;2046
2051;2058;2048
2034;2057;2040
2019;2044;2027
2014;2027;2017
2022;2015;2015
2039;2016;2023
2054;2029;2036
2059;2046;2046
2051;2058;2048
2034;2057;2040
2019;2044;2027
2014;2027;2017
2022;2015;2015
2039;2016;2023
2054;2029;2036
2059;2047;2046
2050;2058;2048
2034;2057;2040
2019;2044;2027
2014;2026;2017
2023;2015;2015
2039;2016;2024
2054;2029;2036
2059;2047;2046
2050;2058;2048
2033;2057;2039
2018;2043;2026
2014;2026;2017
2023;2015;2015
2040;2016;2024
2055;2030;2037
2059;2047;2046
2050;2058;2048
2033;2056;2039
2018;2043;2026
2014;2026;2017
2023;2015;2015
2040;2017;2024
2055;2030;2037
2059;2047;2047
2050;2058;2048
2033;2056;2039
2018;2043;2026
2014;2026;2016
2023;2015;2016
2040;2017;2024
2055;2030;2037
2059;2047;2047
2050;2058;2047
2033;2056;2039
2018;2043;2026
2014;2026;2016
2023;2015;2016
2040;2017;2024
2055;2030;2037
2059;2047;2047
2050;2058;2047
2033;2056;2039
2018;2043;2026
2014;2026;2016
2024;2015;2016
2040;2017;2024
2055;2030;2037
2058;2047;2047
2049;2058;2047
2033;2056;2039
2018;2043;2026
2015;2026;2016
2024;2015;2016
2040;2017;2024
2055;2031;2037
2058;2047;2047
2049;2058;2047
2033;2056;2039
2018;2042;2026
2015;2026;2016
2024;2015;2016
2041;2017;2024
2055;2031;2037
2058;2048;2047
2049;2058;2047
2032;2056;2038
2018;2042;2026
2015;2025;2016
2024;2015;2016
2041;2018;2025
2055;2031;2037
2058;2048;2047
2049;2058;2047
2032;2055;2038
2018;2042;2026
2015;2025;2016
2024;2015;2016
2041;2018;2025
2055;2031;2037
2058;2048;2047
2049;2058;2047
2032;2055;2038
2018;2042;2026
2015;2025;2016
2024;2015;2016
2041;2018;2025
2055;2031;2038
2058;2048;2047
2048;2058;2047
2032;2055;2038
2018;2042;2025
2015;2025;2016
2025;2015;2016
2041;2018;2025
2055;2031;2038
2058;2048;2047
2048;2058;2047
2032;2055;2038
2018;2041;2025
2015;2025;2016
2025;2015;2016
2041;2018;2025
2055;2032;2038
2058;2048;2047
2048;2058;2047
2032;2055;2038
2018;2041;2025
2015;2025;2016
2025;2015;2016
2041;2018;2025
2055;2032;2038
2058;2048;2047
2048;2058;2046
2031;2055;2038
2018;2041;2025
2015;2025;2016
2025;2015;2017
2042;2018;2025
2055;2032;2038
2058;2048;2047
2048;2058;2046
2031;2055;2037
2018;2041;2025
2016;2025;2016
2025;2015;2017
2042;2019;2026
2055;2032;2038
2057;2048;2047
2048;2058;2046
2031;2054;2037
2018;2041;2025
2016;2025;2016
2026;2015;2017
2042;2019;2026
2055;2032;2038
2057;2048;2047
2047;2058;2046
2031;2054;2037
2018;2041;2025
2016;2024;2016
2026;2015;2017
2042;2019;2026
2055;2033;2038
2057;2049;2047
2047;2057;2046
2031;2054;2037
2018;2040;2025
2016;2024;2016
2026;2016;2017
2042;2019;2026
2055;2033;2038
2057;2049;2047
2047;2057;2046
2031;2054;2037
2018;2040;2025
2016;2024;2016
2026;2016;2017
2042;2019;2026
2055;2033;2038
2057;2049;2047
2047;2057;2046
2031;2054;2037
2018;2040;2025
2016;2024;2016
2026;2016;2017
2043;2019;2026
2055;2033;2038
2057;2049;2047
2047;2057;2046
2030;2054;2037
2018;2040;2024
2016;2024;2016
2026;2016;2017
2043;2019;2026
2055;2033;2039
2057;2049;2047
2046;2057;2046
2030;2053;2037
2018;2040;2024
2016;2024;2016
2027;2016;2017
2043;2020;2027
2055;2033;2039
2057;2049;2047
2046;2057;2046
2030;2053;2036
2018;2039;2024
2016;2024;2016
2027;2016;2017
2043;2020;2027
2055;2034;2039
2057;2049;2047
2046;2057;2045
2030;2053;2036
2018;2039;2024
2017;2024;2016
2027;2016;2018
2043;2020;2027
2055;2034;2039
2056;2049;2047
2046;2057;2045
2030;2053;2036
2018;2039;2024
2017;2024;2016
2027;2016;2018
2043;2020;2027
2055;2034;2039
2056;2049;2046
2046;2057;2045
2030;2053;2036
2018;2039;2024
2017;2024;2017
2027;2016;2018
2043;2020;2027
2055;2034;2039
2056;2049;2046
2046;2057;2045
2030;2053;2036
2018;2039;2024
2017;2024;2017
2028;2016;2018
2043;2020;2027
2055;2034;2039
2056;2050;2046
2045;2057;2045
2029;2053;2036
2018;2039;2024
2017;2023;2017
2028;2016;2018
2044;2021;2027
2055;2034;2039
2056;2050;2046
2045;2057;2045
2029;2052;2036
2018;2038;2024
2017;2023;2017
2028;2016;2018
2044;2021;2027
2055;2035;2039
2056;2050;2046
2045;2057;2045
2029;2052;2035
2018;2038;2024
2017;2023;2017
2028;2016;2018
2044;2021;2028
2055;2035;2039
2056;2050;2046
2045;2057;2045
2029;2052;2035
2018;2038;2024
2017;2023;2017
2028;2016;2018
2044;2021;2028
2055;2035;2039
2056;2050;2046
2045;2057;2045
2029;2052;2035
2018;2038;2024
2017;2023;2017
2028;2016;2018
2044;2021;2028
2055;2035;2039
2055;2050;2046
2044;2057;2045
2029;2052;2035
2018;2038;2023
2018;2023;2017
2029;2016;2019
2044;2021;2028
2055;2035;2040
2055;2050;2046
2044;2057;2044
2029;2052;2035
2018;2038;2023
2018;2023;2017
2029;2016;2019
2044;2021;2028
2055;2035;2040
2055;2050;2046
2044;2057;2044
2029;2051;2035
2018;2037;2023
2018;2023;2017
2029;2016;2019
2044;2022;2028
2055;2036;2040
2055;2050;2046
2044;2057;2044
2028;2051;2035
2018;2037;2023
2018;2023;2017
2029;2016;2019
2045;2022;2028
2055;2036;2040
2055;2050;2046
2044;2057;2044
2028;2051;2035
2018;2037;2023
2018;2023;2017
2029;2016;2019
2045;2022;2029
2055;2036;2040
2055;2050;2046
2044;2057;2044
2028;2051;2034
2018;2037;2023
2018;2023;2017
2029;2017;2019
2045;2022;2029
2055;2036;2040
2055;2050;2046
2043;2056;2044
2028;2051;2034
2018;2037;2023
2018;2023;2017
2030;2017;2019
2045;2022;2029
2055;2036;2040
2055;2050;2046
2043;2056;2044
2028;2051;2034
2018;2037;2023
2018;2023;2017
2030;2017;2019
2045;2022;2029
2055;2036;2040
2054;2050;2046
2043;2056;2044
2028;2051;2034
2018;2036;2023
2019;2022;2017
2030;2017;2019
2045;2023;2029
2055;2037;2040
2054;2051;2046
2043;2056;2044
2028;2050;2034
2018;2036;2023
2019;2022;2017
2030;2017;2019
2045;2023;2029
2055;2037;2040
2054;2051;2046
2043;2056;2043
2028;2050;2034
2018;2036;2023
2019;2022;2017
2030;2017;2020
2045;2023;2029
2055;2037;2040
2054;2051;2046
2043;2056;2043
2028;2050;2034
2018;2036;2023
2019;2022;2017
2030;2017;2020
2046;2023;2029
2055;2037;2040
2054;2051;2046
2042;2056;2043
2027;2050;2034
2018;2036;2023
2019;2022;2017
2031;2017;2020
2046;2023;2029
2055;2037;2040
2054;2051;2046
2042;2056;2043
2027;2050;2033
2018;2036;2023
2019;2022;2017
2031;2017;2020
2046;2023;2030
2055;2037;2040
2054;2051;2046
2042;2056;2043
2027;2050;2033
2018;2036;2023
2019;2022;2017
2031;2017;2020
2046;2023;2030
2055;2037;2041
2054;2051;2046
2042;2056;2043
2027;2049;2033
2018;2035;2022
2019;2022;2017
2031;2017;2020
2046;2024;2030
2055;2038;2041
2053;2051;2046
2042;2056;2043
2027;2049;2033
2018;2035;2022
2020;2022;2017
2031;2017;2020
2046;2024;2030
2055;2038;2041
2053;2051;2046
2042;2056;2043
2027;2049;2033
2018;2035;2022
2020;2022;2017
2031;2017;2020
2046;2024;2030
2055;2038;2041
2053;2051;2046
2041;2056;2043
2027;2049;2033
2018;2035;2022
2020;2022;2017
2032;2017;2020
2046;2024;2030
2055;2038;2041
2053;2051;2046
2041;2056;2043
2027;2049;2033
2018;2035;2022
2020;2022;2017
2032;2017;2021
2046;2024;2030
2055;2038;2041
2053;2051;2046
2041;2056;2042
2027;2049;2033
2018;2035;2022
2020;2022;2017
2032;2018;2021
2046;2024;2030
2055;2038;2041
2053;2051;2046
2041;2055;2042
2027;2049;2032
2018;2035;2022
2020;2022;2017
2032;2018;2021
2047;2025;2031
2055;2039;2041
2053;2051;2046
2041;2055;2042
2026;2048;2032
2018;2034;2022
2020;2022;2017
2032;2018;2021
2047;2025;2031
2055;2039;2041
2053;2051;2046
2041;2055;2042
2026;2048;2032
2018;2034;2022
2020;2022;2017
2032;2018;2021
2047;2025;2031
2055;2039;2041
2052;2051;2046
2040;2055;2042
2026;2048;2032
2018;2034;2022
2021;2022;2017
2033;2018;2021
2047;2025;2031
2055;2039;2041
2052;2051;2046
2040;2055;2042
2026;2048;2032
2018;2034;2022
2021;2022;2017
2033;2018;2021
2047;2025;2031
2055;2039;2041
2052;2051;2046
2040;2055;2042
2026;2048;2032
2018;2034;2022
2021;2022;2017
2033;2018;2021
2047;2025;2031
2055;2039;2041
2052;2051;2046
2040;2055;2042
