2027;2021;2020
2021;2024;2025
2024;2034;2034
2034;2046;2042
2046;2052;2043
2052;2049;2038
2049;2039;2029
2038;2027;2021
2027;2021;2020
2021;2024;2025
2024;2034;2034
2035;2046;2042
2046;2052;2043
2052;2049;2038
2049;2039;2029
2038;2027;2021
2027;2021;2020
2021;2024;2025
2024;2034;2034
2035;2046;2042
2046;2052;2043
2052;2049;2038
2049;2039;2029
2038;2027;2021
2027;2021;2020
2021;2024;2025
2024;2034;2035
2035;2046;2042
2046;2052;2043
2052;2049;2037
2049;2038;2028
2038;2027;2021
2026;2021;2020
2021;2024;2026
2024;2035;2035
2035;2046;2042
2047;2052;2043
2052;2049;2037
2049;2038;2028
2038;2027;2021
2026;2021;2020
2021;2024;2026
2024;2035;2035
2035;2046;2042
2047;2052;2043
2052;2049;2037
2049;2038;2028
2038;2027;2021
2026;2021;2020
2021;2024;2026
2025;2035;2035
2035;2046;2042
2047;2052;2043
2052;2049;2037
2048;2038;2028
2038;2027;2021
2026;2021;2020
2021;2024;2026
2025;2035;2035
2035;2046;2042
2047;2052;2043
2052;2049;2037
2048;2038;2028
2038;2026;2021
2026;2021;2020
2021;2024;2026
2025;2035;2035
2035;2047;2042
2047;2052;2043
2052;2048;2037
2048;2038;2028
2037;2026;2021
2026;2021;2020
2021;2025;2026
2025;2035;2035
2036;2047;2042
2047;2052;2043
2052;2048;2037
2048;2038;2028
2037;2026;2021
2026;2021;2020
2021;2025;2026
2025;2035;2035
2036;2047;2042
2047;2052;2043
2052;2048;2037
2048;2038;2028
2037;2026;2021
2026;2021;2020
2021;2025;2026
2025;2035;2035
2036;2047;2042
2047;2052;2043
2052;2048;2037
2048;2037;2028
2037;2026;2021
2026;2021;2021
2021;2025;2026
2025;2036;2035
2036;2047;2042
2047;2052;2042
2052;2048;2037
2048;2037;2028
2037;2026;2021
2026;2021;2021
2021;2025;2026
2025;2036;2035
2036;2047;2042
2047;2052;2042
2052;2048;2037
2048;2037;2028
2037;2026;2021
2026;2021;2021
2021;2025;2027
2025;2036;2035
2036;2047;2042
2047;2052;2042
2052;2048;2036
2047;2037;2028
2037;2026;2021
2026;2021;2021
2021;2025;2027
2026;2036;2035
2036;2047;2042
2047;2052;2042
2052;2048;2036
2047;2037;2028
2037;2026;2021
2026;2021;2021
2021;2025;2027
2026;2036;2036
2036;2047;2042
2047;2052;2042
2052;2048;2036
2047;2037;2027
2036;2026;2021
2026;2021;2021
2021;2026;2027
2026;2036;2036
2037;2047;2042
2047;2052;2042
2052;2047;2036
2047;2037;2027
2036;2026;2021
2026;2021;2021
2021;2026;2027
2026;2036;2036
2037;2047;2042
2047;2052;2042
2052;2047;2036
2047;2037;2027
2036;2026;2021
2026;2021;2021
2021;2026;2027
2026;2036;2036
2037;2047;2042
2047;2052;2042
2052;2047;2036
2047;2036;2027
2036;2026;2021
2026;2021;2021
2021;2026;2027
2026;2037;2036
2037;2047;2042
2047;2052;2042
2051;2047;2036
2047;2036;2027
2036;2026;2021
2026;2021;2021
2022;2026;2027
2026;2037;2036
2037;2047;2042
2047;2051;2042
2051;2047;2036
2047;2036;2027
2036;2026;2021
2026;2022;2021
2022;2026;2027
2026;2037;2036
2037;2047;2042
2048;2051;2042
2051;2047;2036
2047;2036;2027
2036;2026;2021
2025;2022;2021
2022;2026;2027
2027;2037;2036
2037;2047;2042
2048;2051;2042
2051;2047;2036
2046;2036;2027
2036;2026;2021
2025;2022;2021
2022;2026;2028
2027;2037;2036
2037;2047;2042
2048;2051;2042
2051;2047;2035
2046;2036;2027
2036;2026;2021
2025;2022;2021
2022;2026;2028
2027;2037;2036
2038;2047;2042
2048;2051;2042
2051;2046;2035
2046;2036;2027
2035;2026;2021
2025;2022;2021
2022;2027;2028
2027;2037;2036
2038;2047;2042
2048;2051;2042
2051;2046;2035
2046;2036;2027
2035;2026;2021
2025;2022;2022
2022;2027;2028
2027;2037;2036
2038;2048;2042
2048;2051;2041
2051;2046;2035
2046;2036;2027
2035;2025;2021
2025;2022;2022
2022;2027;2028
2027;2038;2036
2038;2048;2042
2048;2051;2041
2051;2046;2035
2046;2035;2027
2035;2025;2021
2025;2022;2022
2022;2027;2028
2027;2038;2036
2038;2048;2042
2048;2051;2041
2051;2046;2035
2046;2035;2027
2035;2025;2021
2025;2022;2022
2022;2027;2028
2027;2038;2036
2038;2048;2042
2048;2051;2041
2051;2046;2035
2046;2035;2027
2035;2025;2021
2025;2022;2022
2022;2027;2028
2027;2038;2036
2038;2048;2042
2048;2051;2041
2051;2046;2035
2045;2035;2026
2035;2025;2021
2025;2022;2022
2022;2027;2028
2028;2038;2037
2038;2048;2042
2048;2051;2041
2051;2046;2035
2045;2035;2026
2035;2025;2021
2025;2022;2022
2022;2027;2028
2028;2038;2037
2038;2048;2042
2048;2051;2041
2051;2046;2035
2045;2035;2026
2035;2025;2021
2025;2022;2022
2022;2028;2028
2028;2038;2037
2038;2048;2042
2048;2051;2041
2051;2045;2035
2045;2035;2026
2034;2025;2021
2025;2022;2022
2022;2028;2029
2028;2038;2037
2039;2048;2042
2048;2051;2041
2051;2045;2034
2045;2035;2026
2034;2025;2021
2025;2022;2022
2022;2028;2029
2028;2038;2037
2039;2048;2042
2048;2051;2041
2051;2045;2034
2045;2035;2026
2034;2025;2021
2025;2022;2022
2022;2028;2029
2028;2038;2037
2039;2048;2042
2048;2051;2041
2051;2045;2034
2045;2034;2026
2034;2025;2021
2025;2022;2022
2023;2028;2029
2028;2039;2037
2039;2048;2042
2048;2051;2041
2050;2045;2034
2045;2034;2026
2034;2025;2021
2025;2022;2022
2023;2028;2029
2028;2039;2037
2039;2048;2042
2048;2050;2041
2050;2045;2034
2045;2034;2026
2034;2025;2021
2025;2023;2022
2023;2028;2029
2029;2039;2037
2039;2048;2042
2048;2050;2041
2050;2045;2034
2044;2034;2026
2034;2025;2021
2025;2023;2023
2023;2028;2029
2029;2039;2037
2039;2048;2042
2048;2050;2040
2050;2045;2034
2044;2034;2026
2034;2025;2021
2025;2023;2023
2023;2028;2029
2029;2039;2037
2039;2048;2042
2048;2050;2040
2050;2044;2034
2044;2034;2026
2034;2025;2021
2025;2023;2023
2023;2029;2029
2029;2039;2037
2039;2048;2042
2048;2050;2040
2050;2044;2034
2044;2034;2026
2034;2025;2021
2025;2023;2023
2023;2029;2029
2029;2039;2037
2039;2048;2042
2048;2050;2040
2050;2044;2034
2044;2034;2026
2033;2025;2021
2025;2023;2023
2023;2029;2029
2029;2039;2037
2040;2048;2042
2048;2050;2040
2050;2044;2034
2044;2034;2026
2033;2025;2021
2025;2023;2023
2023;2029;2030
2029;2039;2037
2040;2048;2042
2048;2050;2040
2050;2044;2033
2044;2034;2026
2033;2025;2021
2025;2023;2023
2023;2029;2030
2029;2039;2037
2040;2048;2042
2048;2050;2040
2050;2044;2033
2044;2033;2026
2033;2025;2021
2025;2023;2023
2023;2029;2030
2029;2040;2037
2040;2048;2042
2048;2050;2040
2050;2044;2033
2043;2033;2026
2033;2025;2021
2025;2023;2023
2023;2029;2030
2030;2040;2037
2040;2048;2042
2048;2050;2040
2050;2044;2033
2043;2033;2026
2033;2025;2021
2025;2023;2023
2023;2029;2030
2030;2040;2038
2040;2048;2042
2048;2050;2040
2050;2044;2033
2043;2033;2025
2033;2025;2021
2025;2023;2023
2023;2030;2030
2030;2040;2038
2040;2048;2042
2048;2050;2040
2050;2043;2033
2043;2033;2025
2033;2025;2021
2025;2023;2023
2023;2030;2030
2030;2040;2038
2040;2048;2042
2048;2050;2040
2050;2043;2033
2043;2033;2025
2033;2025;2021
2025;2023;2023
2024;2030;2030
2030;2040;2038
2040;2048;2042
2048;2050;2040
2049;2043;2033
2043;2033;2025
2033;2025;2021
2025;2023;2023
2024;2030;2030
2030;2040;2038
2040;2048;2042
2048;2049;2040
2049;2043;2033
2043;2033;2025
2033;2025;2021
2025;2024;2024
2024;2030;2030
2030;2040;2038
2041;2048;2042
2048;2049;2039
2049;2043;2033
2043;2033;2025
2032;2025;2021
2025;2024;2024
2024;2030;2030
2030;2040;2038
2041;2048;2041
2048;2049;2039
2049;2043;2033
2043;2033;2025
2032;2025;2022
2025;2024;2024
2024;2030;2030
2030;2040;2038
2041;2048;2041
2048;2049;2039
2049;2043;2033
2042;2033;2025
2032;2025;2022
2025;2024;2024
2024;2030;2031
2031;2040;2038
2041;2048;2041
2048;2049;2039
2049;2043;2032
2042;2032;2025
2032;2025;2022
2025;2024;2024
2024;2030;2031
2031;2041;2038
2041;2048;2041
2048;2049;2039
2049;2043;2032
2042;2032;2025
2032;2025;2022
2025;2024;2024
2024;2031;2031
2031;2041;2038
2041;2048;2041
2048;2049;2039
2049;2042;2032
2042;2032;2025
2032;2025;2022
2025;2024;2024
2024;2031;2031
2031;2041;2038
2041;2048;2041
2048;2049;2039
2049;2042;2032
2042;2032;2025
2032;2025;2022
2025;2024;2024
2024;2031;2031
2031;2041;2038
2041;2048;2041
2048;2049;2039
2049;2042;2032
2042;2032;2025
2032;2025;2022
2025;2024;2024
2024;2031;2031
2031;2041;2038
2041;2048;2041
2048;2049;2039
2049;2042;2032
2042;2032;2025
2032;2025;2022
2025;2024;2024
2024;2031;2031
2031;2041;2038
2041;2048;2041
2048;2049;2039
2049;2042;2032
2042;2032;2025
2032;2025;2022
2025;2024;2024
2024;2031;2031
2031;2041;2038
2041;2048;2041
2048;2049;2039
2049;2042;2032
2042;2032;2025
2032;2025;2022
2025;2024;2024
2025;2031;2031
2032;2041;2038
2041;2048;2041
2048;2049;2039
2048;2042;2032
2041;2032;2025
2032;2025;2022
2025;2024;2024
2025;2031;2031
2032;2041;2038
2042;2048;2041
2048;2049;2039
2048;2042;2032
2041;2032;2025
2031;2025;2022
2025;2025;2025
2025;2031;2031
2032;2041;2038
2042;2048;2041
2048;2048;2038
2048;2042;2032
2041;2032;2025
2031;2025;2022
2025;2025;2025
2025;2032;2031
2032;2041;2038
2042;2048;2041
2048;2048;2038
2048;2041;2032
2041;2032;2025
2031;2025;2022
2025;2025;2025
2025;2032;2031
2032;2041;2038
2042;2048;2041
2048;2048;2038
2048;2041;2032
2041;2031;2025
2031;2025;2022
2025;2025;2025
2025;2032;2032
2032;2042;2038
2042;2048;2041
2048;2048;2038
2048;2041;2031
2041;2031;2025
2031;2025;2022
2025;2025;2025
2025;2032;2032
2032;2042;2038
2042;2048;2041
2048;2048;2038
2048;2041;2031
2041;2031;2025
2031;2025;2022
2025;2025;2025
2025;2032;2032
2032;2042;2038
2042;2048;2041
2048;2048;2038
2048;2041;2031
2041;2031;2025
2031;2025;2022
2025;2025;2025
2025;2032;2032
2032;2042;2038
2042;2048;2041
2048;2048;2038
2048;2041;2031
2041;2031;2025
2031;2025;2022
2025;2025;2025
2025;2032;2032
2032;2042;2038
2042;2048;2041
2048;2048;2038
2048;2041;2031
2040;2031;2025
2031;2025;2022
2025;2025;2025
2025;2032;2032
2033;2042;2038
2042;2048;2041
2048;2048;2038
2048;2041;2031
2040;2031;2025
2031;2025;2022
2025;2025;2025
2025;2032;2032
2033;2042;2038
2042;2048;2041
2048;2048;2038
2048;2041;2031
2040;2031;2024
2031;2025;2022
2025;2025;2025
2025;2033;2032
2033;2042;2039
2042;2048;2041
2048;2048;2038
2048;2040;2031
2040;2031;2024
2031;2025;2022
2025;2025;2025
2026;2033;2032
2033;2042;2039
2042;2048;2041
2048;2048;2038
2047;2040;2031
2040;2031;2024
2031;2025;2022
2025;2025;2025
2026;2033;2032
2033;2042;2039
2042;2048;2041
2048;2048;2038
2047;2040;2031
2040;2031;2024
2031;2025;2022
2025;2026;2025
2026;2033;2032
2033;2042;2039
2043;2048;2041
2048;2047;2037
2047;2040;2031
2040;2031;2024
2030;2025;2022
2025;2026;2026
2026;2033;2032
2033;2042;2039
2043;2048;2041
2048;2047;2037
2047;2040;2031
2040;2031;2024
2030;2025;2022
2025;2026;2026
2026;2033;2032
2033;2042;2039
2043;2048;2041
2048;2047;2037
2047;2040;2031
2040;2031;2024
2030;2025;2022
2025;2026;2026
2026;2033;2032
2033;2042;2039
2043;2048;2041
2048;2047;2037
2047;2040;2030
2040;2030;2024
2030;2025;2022
2025;2026;2026
2026;2033;2033
2034;2043;2039
2043;2048;2041
2048;2047;2037
2047;2040;2030
2039;2030;2024
2030;2025;2022
2025;2026;2026
2026;2033;2033
2034;2043;2039
2043;2048;2041
2048;2047;2037
2047;2040;2030
2039;2030;2024
2030;2025;2022
2025;2026;2026
2026;2033;2033
2034;2043;2039
2043;2048;2041
2048;2047;2037
2047;2040;2030
2039;2030;2024
2030;2025;2022
2025;2026;2026
2026;2034;2033
2034;2043;2039
2043;2048;2040
2048;2047;2037
2047;2039;2030
2039;2030;2024
2030;2025;2023
2025;2026;2026
2026;2034;2033
2034;2043;2039
2043;2048;2040
2048;2047;2037
2047;2039;2030
2039;2030;2024
2030;2025;2023
2025;2026;2026
2026;2034;2033
2034;2043;2039
2043;2048;2040
2048;2047;2037
2047;2039;2030
2039;2030;2024
2030;2025;2023
2025;2026;2026
2027;2034;2033
2034;2043;2039
2043;2048;2040
2048;2047;2037
2046;2039;2030
2039;2030;2024
2030;2025;2023
2025;2026;2026
2027;2034;2033
2034;2043;2039
2043;2048;2040
2048;2047;2037
2046;2039;2030
2039;2030;2024
2030;2025;2023
2025;2027;2026
2027;2034;2033
2034;2043;2039
2043;2048;2040
2048;2046;2037
2046;2039;2030
2039;2030;2024
2030;2025;2023
2025;2027;2026
2027;2034;2033
2034;2043;2039
2043;2048;2040
2048;2046;2037
2046;2039;2030
2039;2030;2024
2030;2025;2023
2025;2027;2027
2027;2034;2033
2035;2043;2039
2043;2048;2040
2048;2046;2036
2046;2039;2030
2038;2030;2024
2030;2025;2023
2025;2027;2027
2027;2034;2033
2035;2043;2039
2043;2048;2040
2048;2046;2036
2046;2039;2030
2038;2030;2024
2030;2025;2023
2025;2027;2027
2027;2034;2033
2035;2043;2039
2043;2048;2040
2048;2046;2036
2046;2039;2030
2038;2030;2024
2030;2025;2023
2025;2027;2027
2027;2035;2033
2035;2043;2039
2044;2048;2040
2048;2046;2036
2046;2038;2030
2038;2030;2024
2029;2025;2023
2025;2027;2027
2027;2035;2033
2035;2043;2039
2044;2048;2040
2048;2046;2036
2046;2038;2030
2038;2030;2024
2029;2025;2023
